889	0	1	0	0
2270	1	0	1	1
3584	0	1	0	0
4666	0	1	0	0
6531	1	0	1	1
7469	0	1	0	0
8423	1	0	0	0
8603	0	0	1	0
11631	1	0	0	1
13404	0	1	0	0
13675	0	0	1	0
15875	0	0	0	1
17935	0	0	1	0
19350	0	0	1	0
20154	1	1	0	1
21642	0	0	0	1
22981	0	0	0	1
24475	0	1	0	0
28524	0	0	0	1
34887	0	1	1	0
39281	0	1	1	0
39532	1	1	1	0
44010	0	1	0	0
44477	1	0	1	0
50063	0	0	1	0
50306	0	1	0	0
53108	0	0	0	1
53237	0	1	0	0
53882	0	1	0	1
55032	0	1	0	1
58285	0	1	0	0
60114	1	0	1	0
60470	0	1	0	1
60860	1	0	0	0
61414	0	0	1	0
62421	1	1	0	0
64983	1	1	0	1
65026	1	1	0	1
65128	0	0	1	0
66484	1	0	0	0
67250	1	0	0	0
67855	0	0	1	0
68037	1	1	0	1
68290	1	1	0	1
68444	1	0	0	0
69371	1	1	0	1
69744	0	0	1	0
70642	1	1	0	1
71658	1	1	0	1
73237	0	0	1	0
73273	0	0	1	0
74917	0	0	1	0
75266	0	0	1	0
75737	1	1	0	1
76071	0	0	1	0
80648	1	0	0	0
81380	0	0	0	1
82364	0	0	0	1
82528	0	0	1	0
84139	1	1	1	0
84312	0	0	0	1
84803	0	0	0	1
87828	1	0	1	0
88563	1	0	1	0
88603	0	1	0	1
88727	1	0	1	0
88740	1	0	1	0
89037	0	1	0	0
89071	1	0	0	0
89545	0	1	0	1
90828	0	1	0	1
92650	0	0	0	1
94257	0	1	1	1
95130	1	0	0	0
95403	0	1	1	1
95734	0	0	1	0
96161	0	1	0	1
96947	0	0	1	0
97356	0	1	1	1
99537	0	0	0	1
