190	0	0	1	0
858	0	1	0	0
2665	0	0	1	0
7496	0	0	1	0
12272	0	1	0	0
22239	0	1	0	0
24681	1	0	1	0
34853	1	0	0	0
35800	0	0	0	1
36623	1	0	0	0
37164	0	0	0	1
42449	0	1	0	0
42678	0	0	0	1
43214	1	0	1	0
44569	0	0	1	0
45067	0	1	0	0
46697	0	0	1	0
49286	0	1	0	1
52726	0	1	0	1
55981	0	0	0	1
57296	1	0	1	0
60703	0	1	0	1
61446	1	1	0	1
62478	1	1	0	1
62850	1	1	0	1
63959	1	1	0	1
64166	0	0	1	0
64718	1	1	0	1
67378	0	0	1	0
67614	0	0	1	0
67728	0	0	1	0
68789	0	0	0	1
69824	0	0	1	0
70477	0	0	1	0
70511	0	0	0	1
70579	1	1	0	1
70791	0	0	1	0
72829	0	0	0	1
73490	1	1	0	1
73953	0	0	1	0
74255	0	0	0	1
74699	1	1	0	0
74797	0	0	1	1
75128	1	1	0	1
82946	1	1	1	0
83969	0	0	0	1
87302	0	1	0	1
87755	1	0	1	0
88046	0	1	0	1
88915	1	0	1	0
91116	1	0	1	0
91200	0	1	0	1
91294	0	1	0	1
94424	1	0	0	0
94539	1	0	0	0
94668	1	0	0	0
94721	1	0	0	0
95604	1	0	0	0
96695	0	1	0	0
96954	0	1	1	1
97060	0	1	0	1
97140	0	1	0	1
98458	0	0	1	0
99688	0	0	0	1
